5546
9804
4753
1769
5381
1028
7113
7270
9160
1765
8094
2939
2240
4552
7658
6402
9188
4864
1303
7075
7392
9363
4977
0
6026
4920
6891
8175
7429
2502
9254
2991
726
3571
1372
8948
2433
5140
807
5849
6672
4306
7691
3827
6800
1714
3126
2641
3306
485
8360
9306
7628
7451
6723
5971
248
5251
4622
4884
7779
5804
8426
6799
2819
1631
9870
8020
1994
7564
1030
2953
2186
8342
9884
290
8622
6657
3492
1365
8797
9173
6659
9471
7339
7780
739
9127
3488
1050
7362
2319
7281
8195
6596
942
3570
966
5723
7073
9751
1601
3537
7831
2624
7124
3180
2959
6704
8517
916
718
1644
6671
3408
7324
6118
3738
1452
3837
5285
6184
1852
3768
5428
607
6011
3190
9816
1633
9
9629
3599
1324
2960
6889
7729
7114
6040
3640
1907
7179
910
3385
3173
5101
6371
5791
4526
9703
4295
2437
4866
9994
6133
5651
463
2368
2931
2139
1184
3502
651
4764
8204
3240
6234
5327
5819
2475
3673
5628
5065
3586
9713
2419
3824
8389
9880
1884
3874
144
1507
8172
2847
8452
5082
9554
265
657
401
231
5888
3000
9745
5274
2041
6727
8264
7498
6798
8202
5613
1475
933
2184
1868
7146
3628
3402
6990
2008
5520
6328
5247
3413
6842
6105
5373
6824
3793
633
5275
4747
147
5387
1291
3461
2108
6700
5265
1494
7674
15
7381
7583
909
8588
6845
6897
4361
7202
1016
7426
537
6028
6421
7508
4560
583
2407
4390
2974
4872
9762
3091
2196
8034
8808
5825
6752
6308
52
5238
2851
5083
7668
1650
4947
5649
7480
7846
2434
4970
9408
9618
314
8302
4669
2823
6185
414
9370
8083
4016
7640
2411
3569
5521
4087
3647
863
3277
3931
3720
1056
9387
2929
2307
3495
8937
157
6780
2714
8596
345
2588
4819
1921
6915
2595
6566
1904
6656
7130
7401
4347
59
6877
7259
854
9113
5584
4818
9106
7586
8500
4878
6901
420
8712
1869
3702
5929
4463
1874
3722
1546
9856
5351
8093
4748
7659
6301
5323
8571
8826
3366
295
5011
8555
9450
8211
4261
4456
7625
7945
1757
580
9566
8170
8716
1883
1108
3150
727
6911
6062
2090
4668
6216
155
4402
647
9975
7275
7817
4428
3976
2747
9679
1040
2318
8619
6370
234
25
1042
254
232
3663
2362
3057
429
3446
3247
1426
8866
2207
9783
4439
9739
2715
8133
1292
8436
3772
4471
4720
7435
4553
7647
4801
4394
7280
6193
5779
1087
8576
3799
941
3771
6834
2808
6406
6956
2076
7345
7358
4190
7791
7106
4943
3486
4593
444
7752
8279
4246
1338
385
2590
9841
9451
5305
9663
9301
3051
2776
8192
1812
7455
782
6183
7067
3200
5839
9741
9145
6312
6598
1734
3901
4944
5834
9860
590
3638
6767
9647
5949
3629
8451
1845
538
6367
5464
7465
7149
7839
1843
930
7139
3802
2384
1422
6446
4760
6583
2621
1793
1354
8693
2330
9249
9042
7970
8994
190
1131
